4 1  11959850936
4 2  8491607041
8 1  7811355339
8 2  6253539983
8 4  4870833777
8 6  3900073211
16 1  4967573235
16 2  4503353636
16 4  3894973018
16 6  3444499970
16 8  3064991708
20 1  4307344965
20 2  3985463459
20 4  3526968974
20 6  3190635955
20 8  3007111757
24 1  3963831488
24 2  3656824537
24 4  3387584678
24 6  3093867467
24 8  2919925559
28 1  3641027904
28 2  3483261396
28 4  3185376709
28 6  2970193896
28 8  2874910382
30 1  3468486042
30 2  3316653431
30 4  3064190584
30 6  3016684056
30 8  2850841341
32 16  2621444760
32 1  3359835370
32 2  3248841529
32 4  3021102227
32 6  2927841237
32 8  2878232690
