2 24  194.289124
4 16  179.666534
6 8  153.700928
8 0  142.200943
1 12  10.561429
2 24  194.289124
2 8  9.396091
3 4  7.937268
4 0  6.511908
4 16  179.666534
6 8  153.700928
8 0  142.200943
2 24  19.524378
4 16  18.149307
8 0  14.410380
1 12  10.782057
2 24  19.524378
2 8  9.405008
3 4  7.946512
4 0  6.479772
4 16  18.149307
8 0  14.410380
2 24  19.520958
4 16  18.110653
6 8  15.388318
8 0  14.203979
1 12  10.829857
2 24  19.520958
2 8  9.388109
3 4  7.938978
4 0  6.512004
4 16  18.110653
6 8  15.388318
8 0  14.203979
2 24  19.503124
4 16  18.189920
6 8  15.386706
8 0  14.346162
1 12  10.817752
2 24  19.503124
2 8  9.376574
3 4  7.939075
4 0  6.522630
4 16  18.189920
6 8  15.386706
8 0  14.346162
2 24  19.464886
4 16  18.238760
6 8  15.382390
8 0  14.251612
1 12  11.169426
2 8  9.689902
3 4  8.174150
4 0  6.652798
2 24  20.312536
4 16  18.901268
6 8  16.105827
8 0  14.837330
