--- botlev no strict simple stealing ---
--- area4: ---
8 0              1.288683
8 0              1.288683
6 8              1.192263
6 8              1.192263
4 16              1.019956
4 16              1.019956
4 0              28.141054
3 4              23.087534
2 8              19.502998
2 24              0.943192
2 24              0.943192
1 12              17.351055
8 0  142.200943
8 0  142.200943
6 8  153.700928
6 8  153.700928
4 16  179.666534
4 16  179.666534
4 0  6.511908
3 4  7.937268
2 8  9.396091
2 24  194.289124
2 24  194.289124
1 12  10.561429
--- area8: ---
8 0              1.288683
8 0              1.288683
8 0              12.716662
6 8              1.192263
6 8              1.192263
4 16              1.019956
4 16              1.019956
4 16              10.096910
4 0              28.141054
3 4              23.087534
2 8              19.502998
2 24              9.385801
2 24              0.943192
2 24              0.943192
1 12              17.351055
8 0  14.410380
8 0  142.200943
8 0  142.200943
6 8  153.700928
6 8  153.700928
4 16  18.149307
4 16  179.666534
4 16  179.666534
4 0  6.511908
3 4  7.937268
2 8  9.396091
2 24  19.524378
2 24  194.289124
2 24  194.289124
1 12  10.561429
--- botlev no strict simple stealing ---
--- area4: ---
8 0              1.288683
8 0              1.288683
8 0              12.716662
8 0              12.716662
6 8              1.192263
6 8              1.192263
4 16              1.019956
4 16              1.019956
4 16              10.096910
4 16              10.096910
4 0              28.280615
4 0              28.141054
3 4              23.087534
3 4              23.060675
2 8              19.502998
2 8              19.484505
2 24              9.385801
2 24              9.385801
2 24              0.943192
2 24              0.943192
1 12              17.351055
1 12              16.996010
8 0  14.410380
8 0  14.410380
8 0  142.200943
8 0  142.200943
6 8  153.700928
6 8  153.700928
4 16  18.149307
4 16  18.149307
4 16  179.666534
4 16  179.666534
4 0  6.511908
4 0  6.479772
3 4  7.946512
3 4  7.937268
2 8  9.405008
2 8  9.396091
2 24  19.524378
2 24  19.524378
2 24  194.289124
2 24  194.289124
1 12  10.782057
1 12  10.561429
--- area8: ---
8 0              12.901451
8 0              1.288683
8 0              1.288683
8 0              12.716662
8 0              12.716662
6 8              1.192263
6 8              1.192263
6 8              11.908510
4 16              1.019956
4 16              1.019956
4 16              10.118461
4 16              10.096910
4 16              10.096910
4 0              28.280615
4 0              28.141054
3 4              23.087534
3 4              23.060675
2 8              19.502998
2 8              19.484505
2 24              9.387446
2 24              9.385801
2 24              9.385801
2 24              0.943192
2 24              0.943192
1 12              17.351055
1 12              16.996010
8 0  14.410380
8 0  14.410380
8 0  142.200943
8 0  142.200943
8 0  14.203979
6 8  15.388318
6 8  153.700928
6 8  153.700928
4 16  18.149307
4 16  18.149307
4 16  18.110653
4 16  179.666534
4 16  179.666534
4 0  6.511908
4 0  6.479772
3 4  7.946512
3 4  7.937268
2 8  9.405008
2 8  9.396091
2 24  19.524378
2 24  19.524378
2 24  19.520958
2 24  194.289124
2 24  194.289124
1 12  10.782057
1 12  10.561429
--- botlev no strict simple stealing ---
--- area4: ---
8 0              12.901451
8 0              12.901451
8 0              1.288683
8 0              1.288683
8 0              12.716662
8 0              12.716662
6 8              1.192263
6 8              1.192263
6 8              11.908510
6 8              11.908510
4 16              1.019956
4 16              1.019956
4 16              10.118461
4 16              10.118461
4 16              10.096910
4 16              10.096910
4 0              28.280615
4 0              28.141054
4 0              28.140636
3 4              23.087534
3 4              23.082560
3 4              23.060675
2 8              19.519579
2 8              19.502998
2 8              19.484505
2 24              9.387446
2 24              9.387446
2 24              9.385801
2 24              9.385801
2 24              0.943192
2 24              0.943192
1 12              17.351055
1 12              16.996010
1 12              16.920994
8 0  14.410380
8 0  14.410380
8 0  142.200943
8 0  142.200943
8 0  14.203979
8 0  14.203979
6 8  15.388318
6 8  15.388318
6 8  153.700928
6 8  153.700928
4 16  18.149307
4 16  18.149307
4 16  18.110653
4 16  18.110653
4 16  179.666534
4 16  179.666534
4 0  6.512004
4 0  6.511908
4 0  6.479772
3 4  7.946512
3 4  7.938978
3 4  7.937268
2 8  9.405008
2 8  9.396091
2 8  9.388109
2 24  19.524378
2 24  19.524378
2 24  19.520958
2 24  19.520958
2 24  194.289124
2 24  194.289124
1 12  10.829857
1 12  10.782057
1 12  10.561429
--- area8: ---
8 0              12.901451
8 0              12.901451
8 0              1.288683
8 0              1.288683
8 0              12.773586
8 0              12.716662
8 0              12.716662
6 8              1.192263
6 8              1.192263
6 8              11.909758
6 8              11.908510
6 8              11.908510
4 16              1.019956
4 16              1.019956
4 16              10.118461
4 16              10.118461
4 16              10.096910
4 16              10.096910
4 16              10.074368
4 0              28.280615
4 0              28.141054
4 0              28.140636
3 4              23.087534
3 4              23.082560
3 4              23.060675
2 8              19.519579
2 8              19.502998
2 8              19.484505
2 24              9.396029
2 24              9.387446
2 24              9.387446
2 24              9.385801
2 24              9.385801
2 24              0.943192
2 24              0.943192
1 12              17.351055
1 12              16.996010
1 12              16.920994
8 0  14.410380
8 0  14.410380
8 0  14.346162
8 0  142.200943
8 0  142.200943
8 0  14.203979
8 0  14.203979
6 8  15.388318
6 8  15.388318
6 8  15.386706
6 8  153.700928
6 8  153.700928
4 16  18.189920
4 16  18.149307
4 16  18.149307
4 16  18.110653
4 16  18.110653
4 16  179.666534
4 16  179.666534
4 0  6.512004
4 0  6.511908
4 0  6.479772
3 4  7.946512
3 4  7.938978
3 4  7.937268
2 8  9.405008
2 8  9.396091
2 8  9.388109
2 24  19.524378
2 24  19.524378
2 24  19.520958
2 24  19.520958
2 24  19.503124
2 24  194.289124
2 24  194.289124
1 12  10.829857
1 12  10.782057
1 12  10.561429
--- botlev no strict simple stealing ---
--- area4: ---
8 0              12.901451
8 0              12.901451
8 0              1.288683
8 0              1.288683
8 0              12.773586
8 0              12.773586
8 0              12.716662
8 0              12.716662
6 8              1.192263
6 8              1.192263
6 8              11.909758
6 8              11.909758
6 8              11.908510
6 8              11.908510
4 16              1.019956
4 16              1.019956
4 16              10.118461
4 16              10.118461
4 16              10.096910
4 16              10.096910
4 16              10.074368
4 16              10.074368
4 0              28.280615
4 0              28.141054
4 0              28.140636
4 0              28.094791
3 4              23.087534
3 4              23.082560
3 4              23.082277
3 4              23.060675
2 8              19.543592
2 8              19.519579
2 8              19.502998
2 8              19.484505
2 24              9.396029
2 24              9.396029
2 24              9.387446
2 24              9.387446
2 24              9.385801
2 24              9.385801
2 24              0.943192
2 24              0.943192
1 12              17.351055
1 12              16.996010
1 12              16.939928
1 12              16.920994
8 0  14.410380
8 0  14.410380
8 0  14.346162
8 0  14.346162
8 0  142.200943
8 0  142.200943
8 0  14.203979
8 0  14.203979
6 8  15.388318
6 8  15.388318
6 8  15.386706
6 8  15.386706
6 8  153.700928
6 8  153.700928
4 16  18.189920
4 16  18.189920
4 16  18.149307
4 16  18.149307
4 16  18.110653
4 16  18.110653
4 16  179.666534
4 16  179.666534
4 0  6.522630
4 0  6.512004
4 0  6.511908
4 0  6.479772
3 4  7.946512
3 4  7.939075
3 4  7.938978
3 4  7.937268
2 8  9.405008
2 8  9.396091
2 8  9.388109
2 8  9.376574
2 24  19.524378
2 24  19.524378
2 24  19.520958
2 24  19.520958
2 24  19.503124
2 24  19.503124
2 24  194.289124
2 24  194.289124
1 12  10.829857
1 12  10.817752
1 12  10.782057
1 12  10.561429
--- area8: ---
8 0              12.901451
8 0              12.901451
8 0              1.288683
8 0              1.288683
8 0              12.858331
8 0              12.773586
8 0              12.773586
8 0              12.716662
8 0              12.716662
6 8              1.192263
6 8              1.192263
6 8              11.913099
6 8              11.909758
6 8              11.909758
6 8              11.908510
6 8              11.908510
4 16              1.019956
4 16              1.019956
4 16              10.118461
4 16              10.118461
4 16              10.096910
4 16              10.096910
4 16              10.074368
4 16              10.074368
4 16              10.047390
4 0              28.280615
4 0              28.141054
4 0              28.140636
4 0              28.094791
3 4              23.087534
3 4              23.082560
3 4              23.082277
3 4              23.060675
2 8              19.543592
2 8              19.519579
2 8              19.502998
2 8              19.484505
2 24              9.414488
2 24              9.396029
2 24              9.396029
2 24              9.387446
2 24              9.387446
2 24              9.385801
2 24              9.385801
2 24              0.943192
2 24              0.943192
1 12              17.351055
1 12              16.996010
1 12              16.939928
1 12              16.920994
8 0  14.410380
8 0  14.410380
8 0  14.346162
8 0  14.346162
8 0  14.251612
8 0  142.200943
8 0  142.200943
8 0  14.203979
8 0  14.203979
6 8  15.388318
6 8  15.388318
6 8  15.386706
6 8  15.386706
6 8  15.382390
6 8  153.700928
6 8  153.700928
4 16  18.238760
4 16  18.189920
4 16  18.189920
4 16  18.149307
4 16  18.149307
4 16  18.110653
4 16  18.110653
4 16  179.666534
4 16  179.666534
4 0  6.522630
4 0  6.512004
4 0  6.511908
4 0  6.479772
3 4  7.946512
3 4  7.939075
3 4  7.938978
3 4  7.937268
2 8  9.405008
2 8  9.396091
2 8  9.388109
2 8  9.376574
2 24  19.524378
2 24  19.524378
2 24  19.520958
2 24  19.520958
2 24  19.503124
2 24  19.503124
2 24  19.464886
2 24  194.289124
2 24  194.289124
1 12  10.829857
1 12  10.817752
1 12  10.782057
1 12  10.561429
--- bf ---
--- area4: ---
8 0              12.901451
8 0              12.901451
8 0              1.288683
8 0              1.288683
8 0              12.858331
8 0              12.773586
8 0              12.773586
8 0              12.716662
8 0              12.716662
6 8              1.192263
6 8              1.192263
6 8              11.913099
6 8              11.909758
6 8              11.909758
6 8              11.908510
6 8              11.908510
4 16              1.019956
4 16              1.019956
4 16              10.118461
4 16              10.118461
4 16              10.096910
4 16              10.096910
4 16              10.074368
4 16              10.074368
4 16              10.047390
4 0              28.280615
4 0              28.141054
4 0              28.140636
4 0              28.094791
4 0              27.545094
3 4              23.087534
3 4              23.082560
3 4              23.082277
3 4              23.060675
3 4              22.418470
2 8              19.543592
2 8              19.519579
2 8              19.502998
2 8              19.484505
2 8              18.911640
2 24              9.414488
2 24              9.396029
2 24              9.396029
2 24              9.387446
2 24              9.387446
2 24              9.385801
2 24              9.385801
2 24              0.943192
2 24              0.943192
1 12              17.351055
1 12              16.996010
1 12              16.939928
1 12              16.920994
1 12              16.406567
8 0  14.410380
8 0  14.410380
8 0  14.346162
8 0  14.346162
8 0  14.251612
8 0  142.200943
8 0  142.200943
8 0  14.203979
8 0  14.203979
6 8  15.388318
6 8  15.388318
6 8  15.386706
6 8  15.386706
6 8  15.382390
6 8  153.700928
6 8  153.700928
4 16  18.238760
4 16  18.189920
4 16  18.189920
4 16  18.149307
4 16  18.149307
4 16  18.110653
4 16  18.110653
4 16  179.666534
4 16  179.666534
4 0  6.652798
4 0  6.522630
4 0  6.512004
4 0  6.511908
4 0  6.479772
3 4  8.174150
3 4  7.946512
3 4  7.939075
3 4  7.938978
3 4  7.937268
2 8  9.689902
2 8  9.405008
2 8  9.396091
2 8  9.388109
2 8  9.376574
2 24  19.524378
2 24  19.524378
2 24  19.520958
2 24  19.520958
2 24  19.503124
2 24  19.503124
2 24  19.464886
2 24  194.289124
2 24  194.289124
1 12  11.169426
1 12  10.829857
1 12  10.817752
1 12  10.782057
1 12  10.561429
--- area8: ---
8 0              12.901451
8 0              12.901451
8 0              1.288683
8 0              1.288683
8 0              12.858331
8 0              12.773586
8 0              12.773586
8 0              12.716662
8 0              12.716662
8 0              12.350736
6 8              1.192263
6 8              1.192263
6 8              11.913099
6 8              11.909758
6 8              11.909758
6 8              11.908510
6 8              11.908510
6 8              11.377990
4 16              9.695219
4 16              1.019956
4 16              1.019956
4 16              10.118461
4 16              10.118461
4 16              10.096910
4 16              10.096910
4 16              10.074368
4 16              10.074368
4 16              10.047390
4 0              28.280615
4 0              28.141054
4 0              28.140636
4 0              28.094791
4 0              27.545094
3 4              23.087534
3 4              23.082560
3 4              23.082277
3 4              23.060675
3 4              22.418470
2 8              19.543592
2 8              19.519579
2 8              19.502998
2 8              19.484505
2 8              18.911640
2 24              9.414488
2 24              9.396029
2 24              9.396029
2 24              9.387446
2 24              9.387446
2 24              9.385801
2 24              9.385801
2 24              9.021618
2 24              0.943192
2 24              0.943192
1 12              17.351055
1 12              16.996010
1 12              16.939928
1 12              16.920994
1 12              16.406567
8 0  14.837330
8 0  14.410380
8 0  14.410380
8 0  14.346162
8 0  14.346162
8 0  14.251612
8 0  142.200943
8 0  142.200943
8 0  14.203979
8 0  14.203979
6 8  16.105827
6 8  15.388318
6 8  15.388318
6 8  15.386706
6 8  15.386706
6 8  15.382390
6 8  153.700928
6 8  153.700928
4 16  18.901268
4 16  18.238760
4 16  18.189920
4 16  18.189920
4 16  18.149307
4 16  18.149307
4 16  18.110653
4 16  18.110653
4 16  179.666534
4 16  179.666534
4 0  6.652798
4 0  6.522630
4 0  6.512004
4 0  6.511908
4 0  6.479772
3 4  8.174150
3 4  7.946512
3 4  7.939075
3 4  7.938978
3 4  7.937268
2 8  9.689902
2 8  9.405008
2 8  9.396091
2 8  9.388109
2 8  9.376574
2 24  20.312536
2 24  19.524378
2 24  19.524378
2 24  19.520958
2 24  19.520958
2 24  19.503124
2 24  19.503124
2 24  19.464886
2 24  194.289124
2 24  194.289124
1 12  11.169426
1 12  10.829857
1 12  10.817752
1 12  10.782057
1 12  10.561429
