2 24              0.943192
4 16              1.019956
6 8              1.192263
8 0              1.288683
1 12              17.351055
2 24              0.943192
2 8              19.502998
3 4              23.087534
4 0              28.141054
4 16              1.019956
6 8              1.192263
8 0              1.288683
2 24              9.385801
4 16              10.096910
8 0              12.716662
1 12              16.996010
2 24              9.385801
2 8              19.484505
3 4              23.060675
4 0              28.280615
4 16              10.096910
8 0              12.716662
2 24              9.387446
4 16              10.118461
6 8              11.908510
8 0              12.901451
1 12              16.920994
2 24              9.387446
2 8              19.519579
3 4              23.082560
4 0              28.140636
4 16              10.118461
6 8              11.908510
8 0              12.901451
2 24              9.396029
4 16              10.074368
6 8              11.909758
8 0              12.773586
1 12              16.939928
2 24              9.396029
2 8              19.543592
3 4              23.082277
4 0              28.094791
4 16              10.074368
6 8              11.909758
8 0              12.773586
2 24              9.414488
4 16              10.047390
6 8              11.913099
8 0              12.858331
1 12              16.406567
2 8              18.911640
3 4              22.418470
4 0              27.545094
2 24              9.021618
4 16              9.695219
6 8              11.377990
8 0              12.350736
1 12  823854563
2 8  956938633
3 4  1133331183
4 0  1418581620
