total fast avg stddev min max mean
8 1 428.5657899 0.41 428.096100  429.264099  428.57
8 2 428.9224335 0.4 428.390839  429.760132  428.92
8 3 429.2848206 0.63 428.538513  430.825714  429.28
8 4 428.8411469 0.67 428.159454  430.491455  428.84
6 1 613.7410768 0.54 613.134705  614.648315  613.74
6 2 613.4224917 0.55 612.857666  614.756409  613.42
6 3 442.0106507 0.29 441.553955  442.546204  442.01
6 4 441.9559876 0.38 441.527130  442.781189  441.96
4 1 674.5800295 0.77 673.985901  676.664673  674.58
