total fast avg stddev min max mean
8 1 0.0732073 0.01 0.047128  0.081052  0.07
8 2 0.0789756 0 0.072156  0.084519  0.08
8 3 0.0808921 0 0.078296  0.084613  0.08
8 4 0.0796559 0 0.076539  0.083099  0.08
6 1 0.0652848 0.01 0.047270  0.080074  0.07
6 2 0.0795507 0 0.077973  0.085529  0.08
6 3 0.0472163 0 0.045187  0.053691  0.05
6 4 0.0465348 0 0.045462  0.049198  0.05
4 1 0.0470396 0 0.046017  0.048659  0.05
4 2 0.0472675 0 0.046023  0.050955  0.05
4 3 0.0486792 0 0.046129  0.051226  0.05
2 1 0.0639856 0 0.061487  0.073439  0.06
