total fast avg stddev min max mean
8 1 57.4158771 0.43 56.728462  58.072941  57.42
8 2 57.3297993 0.43 56.633667  58.329346  57.33
8 3 56.9629061 0.34 56.335197  57.413200  56.96
8 4 57.3533817 0.56 56.545792  58.259293  57.35
6 1 79.836753 0.27 79.473686  80.544334  79.84
6 2 79.8103586 0.27 79.323654  80.198891  79.81
6 3 56.6547566 0.19 56.453411  57.094559  56.65
6 4 56.8349341 0.23 56.437313  57.158672  56.83
4 1 85.7619362 0.66 85.118492  86.886650  85.76
4 2 85.8674881 0.65 85.121017  86.675110  85.87
4 3 85.3091797 0.17 85.062874  85.565956  85.31
2 1 161.0746598 0.17 160.825668  161.335632  161.07
