total fast avg stddev min max mean
8 1 10.6891669 0.43 10.130953  11.474220  10.69
8 2 10.4409617 0.22 10.001189  10.830625  10.44
8 3 10.3364159 0.46 9.578862  11.280244  10.34
8 4 10.5195748 0.25 10.073492  10.835832  10.52
6 1 12.6597508 0.41 12.115223  13.489679  12.66
6 2 12.7296057 0.37 12.154391  13.214056  12.73
6 3 8.4870361 0.12 8.342439  8.670186  8.49
6 4 8.5064806 0.21 8.241681  8.933074  8.51
4 1 11.6222263 0.14 11.495462  12.009966  11.62
4 2 11.681099 0.13 11.538376  11.925715  11.68
4 3 11.596278 0.17 11.495851  12.097259  11.6
2 1 20.4997573 0.02 20.459747  20.537521  20.5
