total fast avg stddev min max mean
8 1 17.6224283 3.57 13.844740  22.545858  17.62
8 2 11.1787363 0.76 10.240333  12.791446  11.18
8 3 11.2283564 0.69 10.211061  12.558027  11.23
8 4 11.0440401 0.59 10.280766  12.212802  11.04
6 1 13.579963 1.25 12.484767  16.550522  13.58
6 2 12.9109558 0.37 12.459807  13.660058  12.91
6 3 8.5241828 0.16 8.246811  8.780547  8.52
6 4 8.4794242 0.2 8.314585  9.004558  8.48
4 1 11.8246271 0.35 11.527858  12.836163  11.82
4 2 11.7025798 0.22 11.522030  12.256461  11.7
4 3 11.7668382 0.12 11.602357  11.945178  11.77
2 1 20.7703431 0.11 20.629267  20.957834  20.77
