8 1 0.2673736 0.01 0.047870  0.080453  0.07
8 2 0.2791625 0.01 0.061242  0.082945  0.07
8 3 0.2826938 0 0.051832  0.084418  0.08
8 4 0.2938784 0 0.053790  0.090809  0.07
6 1 0.290699 0 0.060951  0.084611  0.08
6 2 0.2936824 0 0.065521  0.087816  0.08
6 3 0.2012583 0 0.048747  0.053432  0.05
6 4 0.2315291 0 0.053913  0.082174  0.06
4 1 0.2059536 0 0.049281  0.057193  0.05
4 2 0.2295646 0 0.054519  0.062090  0.06
4 3 0.2696221 0 0.066486  0.069418  0.07
2 1 0.2631678 0 0.063910  0.087122  0.06
8 1 0.2767291 0.01 0.047336  0.080531  0.07
8 2 0.2872423 0.01 0.061265  0.114322  0.08
8 3 0.2789602 0.01 0.061129  0.080018  0.07
8 4 0.2892732 0.01 0.066255  0.087679  0.08
6 1 0.2816331 0 0.061342  0.080662  0.08
6 2 0.2964594 0.01 0.062771  0.087790  0.08
6 3 0.2037479 0.01 0.048700  0.073865  0.05
6 4 0.2320851 0 0.053709  0.082170  0.06
4 1 0.2091209 0 0.049188  0.074483  0.05
4 2 0.2300173 0 0.054688  0.060607  0.06
4 3 0.2697054 0 0.066557  0.069588  0.07
2 1 0.2579373 0 0.063511  0.068321  0.07
