8 1 1800.1186954 13.58 382.301666  571.367249  410.33
8 1 2269.2259518 4.55 555.962219  581.457397  565.66
8 2 2213.7872533 27.37 428.265808  770.783142  569.26
8 1 2309.6756807 18.88 484.499298  779.130310  567.75
8 3 2266.0505551 17.87 525.224548  615.924133  575.88
8 2 2270.0666199 36.59 518.556702  667.215393  569.11
8 4 2279.6919006 16.38 519.240173  651.620972  560.01
8 3 2361.7617734 62.58 480.998505  703.117676  621.81
6 1 3491.7128418 63.09 720.705383  965.332703  852.14
8 4 2330.9920866 69.98 471.517181  710.844482  584.14
6 2 3749.3467896 30.94 709.418396  1097.328369  978.27
6 1 3463.4306245 73.18 496.335480  1076.210083  578.68
6 3 2457.3088957 127.88 494.719208  889.207520  632.25
6 2 2464.0531314 108.1 495.243469  880.347717  609.85
6 4 2461.1282349 81.29 493.122650  817.282288  623.01
