8 2 224.7070651 0.35 55.383984  56.996479  56.51
8 3 224.9813565 0.65 55.370598  57.846703  56.76
8 4 224.2252466 0.4 55.182999  57.571899  56.61
6 1 315.6947953 0.54 78.013290  79.973602  79.27
6 2 315.3780034 0.28 77.798042  79.906837  79.37
6 3 226.8357581 0.06 56.459103  57.064232  56.65
6 4 226.7763869 0.07 56.530666  56.958324  56.67
4 1 340.8621476 0.05 84.971428  85.642929  85.15
8 1 226.6446102 0.53 55.687954  57.684944  56.87
8 2 225.0258876 0.6 55.495502  57.651997  56.66
8 3 224.4079171 0.4 55.292381  57.349594  56.92
8 4 224.6135537 0.49 55.107941  57.634350  56.7
6 1 315.663971 0.42 78.020721  80.093056  79.39
6 2 315.0332888 0.41 77.877159  80.136131  79.48
6 3 226.7675248 0.04 56.568256  57.027695  56.67
6 4 226.6608482 0.07 56.520676  56.921509  56.63
4 1 340.8749038 0.04 84.962654  86.134415  85.1
4 2 340.6041108 0.05 84.979797  85.388474  85.11
4 3 340.6169661 0.06 84.963730  85.424110  85.16
2 1 644.6693636 0.11 160.885941  161.435730  161.16
