8 1 37.3504191 0.49 8.608107  10.622977  9.53
8 1 37.4921112 0.35 8.457069  10.754357  9.51
8 1 36.9332871 0.49 8.375118  10.240662  9.41
8 2 36.8738523 0.38 8.529416  10.491345  9.43
8 2 37.3102444 0.33 8.440094  10.181404  9.68
8 3 37.236773 0.38 8.459099  10.357617  9.81
8 4 37.4254624 0.45 8.500315  10.274192  9.67
6 1 47.1033038 0.29 10.975472  12.915215  11.79
6 2 46.9318836 0.49 10.933789  12.906232  11.9
6 3 33.6884001 0.06 8.275945  8.557079  8.43
6 4 33.7324327 0.06 8.306293  8.589373  8.44
4 1 46.7058473 0.06 11.576561  12.052919  11.63
4 2 46.6382714 0.01 11.546472  11.897388  11.63
4 3 46.6875761 0.02 11.563060  12.009231  11.63
2 1 82.7409031 0.03 20.513140  20.930126  20.72
8 1 19.033801 0.39 8.737875  10.557137  9.81
8 2 18.8428914 0.38 8.765553  10.291620  9.56
8 3 18.6719121 0.31 8.590345  10.389375  9.49
8 4 18.5914944 0.33 8.463225  10.235359  9.42
6 1 23.6177738 0.23 10.925842  12.849661  11.97
6 2 23.5339866 0.34 10.988915  12.919754  12.13
6 3 16.8120723 0.08 8.273805  8.590949  8.42
6 4 16.8926174 0.07 8.296353  8.821260  8.46
4 1 23.38709 0.06 11.566150  12.085236  11.62
4 2 23.2680307 0.03 11.560255  11.855579  11.64
4 3 23.2675753 0.02 11.500659  11.909883  11.63
2 1 41.4305672 0.03 20.523623  20.772436  20.71
