8 1 0.276175 0.01 0.051131  0.081853  0.07
8 2 0.2759657 0 0.054533  0.080095  0.07
8 3 0.2800165 0.01 0.062050  0.080008  0.07
8 4 0.2896381 0.01 0.064607  0.087715  0.08
6 1 0.2920839 0.01 0.057143  0.087303  0.08
6 2 0.3027063 0.01 0.065594  0.130198  0.08
6 3 0.2024595 0 0.048639  0.053265  0.05
6 4 0.2293321 0 0.054083  0.060710  0.06
4 1 0.2047531 0 0.049267  0.054907  0.05
4 2 0.2330713 0 0.054713  0.078917  0.06
4 3 0.269197 0 0.066488  0.069568  0.07
2 1 0.258 0 0.063689  0.066511  0.06
8 1 0.2777103 0.01 0.053840  0.080018  0.07
8 2 0.2668912 0.01 0.048754  0.080002  0.07
8 3 0.2896508 0 0.061256  0.082916  0.07
8 4 0.2986865 0 0.051791  0.090865  0.08
6 1 0.2856246 0.01 0.053313  0.084677  0.07
6 2 0.29672 0 0.065742  0.090616  0.08
6 3 0.2028405 0 0.048859  0.053428  0.05
6 4 0.2314321 0 0.054079  0.081897  0.06
4 1 0.2051629 0 0.049313  0.054672  0.05
4 2 0.2321783 0 0.054585  0.061895  0.06
4 3 0.2685136 0 0.066532  0.069390  0.07
2 1 0.264387 0 0.063496  0.084078  0.07
