8 1 0.1336834 0.01 0.047870  0.080453  0.07
8 2 0.1382226 0.01 0.061242  0.082644  0.07
8 3 0.1381864 0.01 0.051832  0.078440  0.07
8 4 0.1487508 0 0.054171  0.090809  0.08
6 1 0.1460028 0 0.063420  0.084538  0.08
6 2 0.1453536 0 0.065521  0.084838  0.08
6 3 0.1007704 0 0.048887  0.053055  0.05
6 4 0.1170334 0 0.053913  0.082174  0.06
4 1 0.104531 0 0.049281  0.057193  0.05
4 2 0.1144535 0 0.054519  0.060474  0.06
4 3 0.1346033 0 0.066486  0.069418  0.07
2 1 0.1340867 0.01 0.064012  0.087122  0.07
8 1 0.1371982 0.01 0.061068  0.080531  0.07
8 2 0.1429412 0 0.061265  0.114322  0.07
8 3 0.1370529 0.01 0.061280  0.080018  0.07
8 4 0.1434364 0 0.066459  0.078633  0.07
6 1 0.1371793 0.01 0.061444  0.078625  0.07
6 2 0.1464807 0 0.062771  0.084718  0.08
6 3 0.1006405 0 0.048700  0.053503  0.05
6 4 0.1171617 0 0.053709  0.082170  0.06
4 1 0.105061 0 0.049188  0.057146  0.05
4 2 0.1160781 0 0.054733  0.060581  0.06
4 3 0.1351494 0 0.066569  0.069588  0.07
2 1 0.12845 0 0.063619  0.068139  0.06
