8 1 977.5300966 44.42 382.301666  571.367249  456.51
8 1 1132.6324217 3.78 555.962219  581.457397  562.24
8 2 1046.4040866 73.23 428.265808  614.119019  478.31
8 1 1166.8078217 21.4 484.499298  779.130310  563.07
8 3 1129.8083556 19.61 525.224548  596.944214  561.23
8 2 1126.3629517 18.09 518.556702  588.651184  562.12
8 4 1143.6428772 28.62 519.240173  651.620972  577.08
8 3 1142.4776243 26.49 537.653198  623.218628  567.42
6 1 1802.2368714 39.39 838.583984  965.332703  909.65
8 4 1175.9904114 67.89 472.280273  710.844482  554.07
6 2 1789.6046203 94.98 709.418396  1072.036377  959.52
6 1 1926.8367188 37.43 694.387512  1076.210083  996.9
6 3 1226.6046509 109.24 494.719208  793.458679  634.55
6 2 1233.8600618 61.89 503.993408  797.929077  582.18
6 4 1219.4317293 58.95 493.122650  759.406738  623.07
6 3 1232.2037842 107.35 507.885864  798.905762  604.78
