8 1 18.846762 0.45 8.772206  10.578311  9.59
8 2 18.1054069 0.36 8.646045  9.771458  9.27
8 1 19.0655982 0.52 8.457069  10.754357  9.4
8 1 18.6064337 0.28 8.850232  9.804399  9.34
8 2 17.2879801 0.29  9.622288  9.22
8 2 18.2570702 0.48 8.529416  10.491345  9.43
8 3 18.6262227 0.41 8.733768  10.101002  9.58
8 2 18.4582402 0.48 8.496269  10.181404  9.53
8 3 18.3744016 0.52 8.459099  10.357617  9.57
8 4 18.4199889 0.37 8.500315  10.022589  9.47
6 1 23.7875762 0.46 10.975472  12.915215  12.31
6 2 23.5394543 0.4 10.933789  12.906232  12.33
6 3 16.8184685 0.08 8.275945  8.557079  8.4
6 4 16.8554581 0.09 8.306293  8.589373  8.43
4 1 23.3262763 0.02 11.584450  12.052919  11.63
4 2 23.3808475 0.07 11.546472  11.897388  11.69
4 3 23.4147161 0.11 11.563060  12.009231  11.68
2 1 41.3018015 0.01 20.513140  20.930126  20.53
8 1 18.7037013 0.39 8.737875  10.246462  9.57
8 2 18.7283576 0.41 8.765553  10.291620  9.67
8 3 18.5265288 0.47 8.590345  10.389375  9.6
8 4 18.5722186 0.36 8.726910  10.235359  9.61
6 1 23.7122211 0.53 10.971957  12.849661  12.31
6 2 23.4172282 0.52 11.025948  12.919754  12.24
6 3 16.8344993 0.08 8.332359  8.590949  8.44
6 4 16.8518358 0.05 8.296353  8.821260  8.41
4 1 23.3437124 0.02 11.566150  12.085236  11.61
4 2 23.441181 0.05 11.560255  11.855579  11.76
4 3 23.3367737 0.1 11.500659  11.909883  11.64
2 1 41.2609364 0.01 20.523623  20.772436  20.54
