8 2 112.0782527 0.43 55.383984  56.996479  56.4
8 3 112.0510377 0.39 55.370598  57.213722  56.46
8 4 111.6259862 0.58 55.182999  57.571899  56.07
6 1 157.8902672 0.31 78.013290  79.528183  79.07
6 2 157.2914816 0.45 77.798042  79.906837  79.19
6 3 113.5457434 0.1 56.578590  57.064232  56.78
6 4 113.4423914 0.1 56.561710  56.958324  56.74
4 1 170.5297684 0.18 84.971428  85.642929  85.2
8 1 113.4741664 0.41 55.937920  57.655689  56.75
8 2 112.3129185 0.45 55.526791  57.325062  56.57
8 3 111.636844 0.36 55.292381  56.863609  56.09
8 4 111.9175786 0.47 55.107941  57.193565  56.42
6 1 157.7577607 0.48 78.164810  80.037666  79.22
6 2 157.1561059 0.43 77.877159  79.805336  79.13
6 3 113.4119511 0.12 56.568256  57.027695  56.73
6 4 113.3807347 0.11 56.563637  56.921509  56.71
4 1 170.5916389 0.16 84.962654  86.134415  85.16
4 2 170.3849999 0.14 84.979797  85.388474  85.18
4 3 170.3117041 0.08 84.963730  85.424110  85.14
2 1 322.2707901 0.1 160.885941  161.421692  161.05
