8 1 0.1370766 0.01 0.051131  0.081021  0.07
8 2 0.1376893 0.01 0.054533  0.078326  0.07
8 3 0.1409986 0 0.062850  0.080008  0.07
8 4 0.1421832 0 0.064607  0.082928  0.07
6 1 0.1444011 0 0.057143  0.082825  0.07
6 2 0.1559189 0.02 0.066036  0.130198  0.09
6 3 0.1007152 0 0.048639  0.053188  0.05
6 4 0.1142789 0 0.054083  0.059990  0.06
4 1 0.101986 0 0.049268  0.054601  0.05
4 2 0.1173309 0 0.054713  0.078917  0.06
4 3 0.1345637 0 0.066488  0.069298  0.07
2 1 0.1292094 0 0.063689  0.066511  0.06
8 1 0.1356611 0.01 0.053840  0.079975  0.07
8 2 0.1375752 0.01 0.062053  0.080002  0.07
8 3 0.1438601 0 0.061256  0.082916  0.08
8 4 0.1488959 0.01 0.051791  0.090865  0.08
6 1 0.143525 0.01 0.053313  0.084677  0.08
6 2 0.1490551 0.01 0.066242  0.090616  0.08
6 3 0.1012652 0 0.048859  0.053304  0.05
6 4 0.1174322 0.01 0.054218  0.081897  0.06
4 1 0.1031853 0 0.049320  0.054672  0.05
4 2 0.1158854 0 0.054765  0.060884  0.06
4 3 0.1344454 0 0.066532  0.069390  0.07
2 1 0.1302089 0 0.063849  0.075948  0.06
