8 1 0.1986154 0.01 0.047870  0.080453  0.06
8 2 0.2072821 0 0.061242  0.082644  0.07
8 3 0.2070125 0 0.051832  0.078440  0.07
8 4 0.2203623 0.01 0.053790  0.090809  0.07
6 1 0.2130907 0 0.060951  0.084538  0.07
6 2 0.2163318 0 0.065521  0.084838  0.07
6 3 0.1508294 0 0.048747  0.053432  0.05
6 4 0.1750311 0 0.053913  0.082174  0.06
4 1 0.1554723 0 0.049281  0.057193  0.05
4 2 0.1718576 0 0.054519  0.060474  0.06
4 3 0.2019493 0 0.066486  0.069418  0.07
2 1 0.1986756 0 0.063954  0.087122  0.06
8 1 0.2051699 0 0.061068  0.080531  0.07
8 2 0.2109905 0 0.061265  0.114322  0.07
8 3 0.2058029 0 0.061280  0.080018  0.07
8 4 0.2137556 0 0.066255  0.078633  0.07
6 1 0.2062799 0 0.061342  0.078625  0.07
6 2 0.2186925 0 0.062771  0.084718  0.07
6 3 0.1509073 0 0.048700  0.053503  0.05
6 4 0.1750331 0 0.053709  0.082170  0.06
4 1 0.1584639 0.01 0.049188  0.074483  0.05
4 2 0.1732049 0 0.054688  0.060607  0.06
4 3 0.2023041 0 0.066569  0.069588  0.07
2 1 0.1926983 0 0.063619  0.068139  0.06
