8 1 1389.7869235 17.78 382.301666  571.367249  412.26
8 1 1703.5681028 2.98 555.962219  581.457397  570.94
8 2 1644.5237765 63.69 428.265808  770.783142  598.12
8 1 1741.9278534 16.51 484.499298  779.130310  575.12
8 3 1690.174072 17.83 525.224548  596.944214  560.37
8 2 1700.9591249 17.69 518.556702  597.384399  574.6
8 4 1719.6805602 23.77 519.240173  651.620972  576.04
8 3 1739.948721 64.84 488.174286  703.117676  597.47
6 1 2639.5680785 65.61 730.740417  965.332703  837.33
8 4 1746.8541319 66.29 471.517181  710.844482  570.86
6 2 2771.0782654 52.9 709.418396  1097.328369  981.47
6 1 2884.7554566 24.84 694.387512  1076.210083  957.92
6 3 1825.0619383 57.51 494.719208  793.458679  598.46
6 2 1854.2036989 121.77 495.243469  880.347717  620.34
6 4 1838.1164338 116.95 493.122650  799.528625  618.68
6 3 1865.9748719 93.13 505.917175  813.279785  633.77
