8 2 168.2014354 0.37 55.383984  56.996479  56.12
8 3 168.2202034 0.42 55.370598  57.213722  56.17
8 4 167.6168554 0.43 55.182999  57.571899  55.99
6 1 236.4219262 0.19 78.013290  79.528183  78.53
6 2 236.0052191 0.25 77.798042  79.906837  78.71
6 3 170.1840102 0.09 56.459103  57.064232  56.64
6 4 170.1017022 0.07 56.530666  56.958324  56.66
4 1 255.7134179 0.09 84.971428  85.642929  85.18
8 1 169.7714169 0.3 55.687954  57.655689  56.3
8 2 168.3611824 0.35 55.495502  57.325062  56.05
8 3 167.4912183 0.35 55.292381  56.863609  55.85
8 4 167.9099502 0.28 55.107941  57.193565  55.99
6 1 236.2747375 0.44 78.020721  80.037666  78.52
6 2 235.5553194 0.23 77.877159  79.805336  78.4
6 3 170.1013494 0.04 56.568256  57.027695  56.69
6 4 170.0350826 0.04 56.563637  56.921509  56.65
4 1 255.7741531 0.1 84.962654  86.134415  85.18
4 2 255.4958375 0.06 84.979797  85.388474  85.11
4 3 255.4604773 0.08 84.963730  85.424110  85.15
2 1 483.5110703 0.14 160.885941  161.435730  161.24
