8 1 27.8243936 0.21 8.608107  10.578311  8.98
8 1 27.9824968 0.27 8.457069  10.754357  8.92
8 1 27.525759 0.31 8.375118  9.804399  8.92
8 2 26.5093683 0.19  9.622288  9.22
8 2 27.4457989 0.21 8.529416  10.491345  9.19
8 2 27.6338324 0.45 8.440094  10.181404  9.18
8 3 27.4254462 0.19 8.459099  10.357617  9.05
8 4 27.7514726 0.32 8.500315  10.022589  9.33
6 1 35.3141987 0.27 10.975472  12.915215  11.53
6 2 35.0347939 0.43 10.933789  12.906232  11.5
6 3 25.2548499 0.06 8.275945  8.557079  8.44
6 4 25.2921277 0.06 8.306293  8.589373  8.44
4 1 35.0772461 0.12 11.576818  12.052919  11.75
4 2 35.012103 0.02 11.546472  11.897388  11.63
4 3 35.0584473 0.02 11.563060  12.009231  11.64
2 1 62.0196825 0.03 20.513140  20.930126  20.72
8 1 9.2192756 0.36 8.737875  10.246462  9.22
8 2 9.2837109 0.31 8.765553  10.291620  9.28
8 3 9.178682 0.27 8.590345  10.389375  9.18
8 4 9.1709851 0.36 8.463225  10.235359  9.17
6 1 11.6474889 0.34 10.925842  12.849661  11.65
6 2 11.4016171 0.29 10.988915  12.919754  11.4
6 3 8.3878391 0.07 8.273805  8.590949  8.39
6 4 8.4350059 0.07 8.296353  8.821260  8.44
4 1 11.7711842 0.08 11.566150  12.085236  11.77
4 2 11.6317192 0.01 11.560255  11.855579  11.63
4 3 11.6336668 0.02 11.500659  11.909883  11.63
2 1 20.7188125 0.03 20.523623  20.772436  20.72
