8 1 0.2025736 0 0.051131  0.081021  0.07
8 2 0.2050875 0 0.054533  0.078326  0.07
8 3 0.2078056 0 0.062050  0.080008  0.07
8 4 0.2128107 0 0.064607  0.082928  0.07
6 1 0.2120949 0 0.057143  0.082825  0.07
6 2 0.225467 0 0.065594  0.130198  0.07
6 3 0.1513486 0 0.048639  0.053265  0.05
6 4 0.1715958 0 0.054083  0.060710  0.06
4 1 0.1539701 0 0.049268  0.054907  0.05
4 2 0.1748354 0 0.054713  0.078917  0.06
4 3 0.2020924 0 0.066488  0.069298  0.07
2 1 0.1933785 0 0.063689  0.066511  0.06
8 1 0.2033531 0 0.053840  0.079975  0.07
8 2 0.1971077 0.01 0.048754  0.080002  0.06
8 3 0.215095 0 0.061256  0.082916  0.07
8 4 0.2210879 0.01 0.051791  0.090865  0.07
6 1 0.2140297 0 0.053313  0.084677  0.07
6 2 0.2185907 0 0.065742  0.090616  0.07
6 3 0.1517563 0 0.048859  0.053304  0.05
6 4 0.1751475 0 0.054218  0.081897  0.06
4 1 0.1547868 0 0.049320  0.054672  0.05
4 2 0.1745137 0 0.054765  0.061895  0.06
4 3 0.2015813 0 0.066532  0.069390  0.07
2 1 0.1993472 0.01 0.063849  0.084078  0.07
