total fast avg stddev min max mean
8 1 56.9910309 0.68 55.877892  58.314083  56.99
8 2 56.7724943 0.68 55.369415  57.469070  56.77
8 3 56.9767063 0.47 55.738571  57.576996  56.98
8 4 57.0132957 0.56 56.297764  57.861389  57.01
6 1 78.8894241 0.7 77.704338  79.945244  78.89
6 2 79.4366852 0.34 78.815056  79.923904  79.44
6 3 56.695668 0.23 56.399479  57.032169  56.7
6 4 56.6957752 0.22 56.311386  57.179333  56.7
4 1 85.3718712 0.47 84.836716  86.217087  85.37
4 2 85.4172439 0.44 85.000854  86.611946  85.42
4 3 85.259105 0.22 84.820534  85.628189  85.26
2 1 160.776874 0.54 160.031464  161.505829  160.78
