total fast avg stddev min max mean
8 1 10.6384278 0.3 10.142076  11.222933  10.64
8 2 10.3227426 0.23 9.979894  10.648429  10.32
8 3 10.487185 0.34 9.925442  11.257586  10.49
8 4 10.5000448 0.33 9.974243  11.093822  10.5
6 1 12.6394642 0.33 12.317831  13.445738  12.64
6 2 12.5388297 0.32 12.111343  13.004104  12.54
6 3 8.4919522 0.16 8.260548  8.749495  8.49
6 4 8.4711757 0.23 8.146672  8.806067  8.47
4 1 11.6426393 0.11 11.535116  11.938817  11.64
4 2 11.6222888 0.12 11.503928  11.937880  11.62
4 3 11.7418197 0.24 11.528417  12.207775  11.74
2 1 20.4955157 0.04 20.408720  20.569435  20.5
