total fast avg stddev min max mean
8 1 9.3495581 0.5 8.704525  10.056468  9.35
8 2 8.8795327 0.16 8.597243  9.133555  8.88
8 3 9.1413266 0.16 8.891831  9.437780  9.14
8 4 9.5529492 0.11 9.427363  9.836170  9.55
6 1 11.1892376 0.1 11.027153  11.315726  11.19
6 2 11.7435393 0.18 11.576776  12.107152  11.74
6 3 8.347915 0.07 8.217356  8.469620  8.35
6 4 8.6481751 0.18 8.440115  9.085254  8.65
4 1 11.6404878 0.16 11.521361  12.074350  11.64
4 2 11.7834582 0.06 11.696458  11.876257  11.78
4 3 12.2123788 0.02 12.193495  12.253227  12.21
2 1 20.9371843 0.05 20.829973  20.982391  20.94
8 1 9.2578428 0.32 8.772206  9.710380  9.26
8 2 8.838442 0.09 8.646045  8.930429  8.84
8 1 9.6640254 0.5 8.972717  10.754357  9.66
8 1 9.2669458 0.34 8.850232  9.773864  9.27
8 2 8.0699482 2.7  9.500750  8.07
8 2 8.8253785 0.16 8.529416  8.981019  8.83
8 3 9.0508662 0.19 8.733768  9.388524  9.05
8 2 8.92868 0.24 8.529746  9.357068  8.93
8 3 8.8036785 0.22 8.459099  9.357023  8.8
8 4 8.9449985 0.19 8.500315  9.205783  8.94
6 1 11.4767038 0.31 10.975472  12.187065  11.48
6 2 11.2068268 0.16 10.933789  11.450542  11.21
6 3 8.4204231 0.07 8.298889  8.557079  8.42
6 4 8.4231803 0.05 8.326759  8.476524  8.42
4 1 11.6939949 0.13 11.584450  12.052919  11.69
4 2 11.688886 0.1 11.546472  11.897388  11.69
4 3 11.732129 0.13 11.570640  12.009231  11.73
2 1 20.7721166 0.06 20.715754  20.930126  20.77
8 1 9.1380746 0.24 8.737875  9.488992  9.14
8 2 9.0612639 0.2 8.765553  9.395157  9.06
8 3 8.9288232 0.17 8.590345  9.134252  8.93
8 4 8.9631757 0.17 8.726910  9.384322  8.96
6 1 11.4065288 0.27 10.971957  11.893874  11.41
6 2 11.1811346 0.15 11.025948  11.468306  11.18
6 3 8.3907581 0.04 8.332359  8.441153  8.39
6 4 8.4453524 0.13 8.366854  8.821260  8.45
4 1 11.7374425 0.18 11.584408  12.085236  11.74
4 2 11.6789852 0.06 11.560255  11.754725  11.68
4 3 11.6943865 0.1 11.570561  11.909883  11.69
2 1 20.7255598 0.05 20.655128  20.772436  20.73
