total fast avg stddev min max mean
8 1 55.2874812 0.76 53.286320  56.466686  55.29
8 2 55.2070421 0.66 53.773857  55.852112  55.21
8 3 55.66023 1.25 54.293003  58.968441  55.66
8 4 55.8696076 0.73 54.444973  56.616322  55.87
6 1 77.7911057 1.23 74.104271  78.365974  77.79
6 2 76.9826081 1.78 74.351837  78.777649  76.98
6 3 56.8444479 0.23 56.447723  57.181286  56.84
6 4 56.9737032 0.26 56.519737  57.309814  56.97
4 1 85.6550126 0.77 84.799759  86.859497  85.66
4 2 85.8005661 0.51 84.982407  86.436363  85.8
4 3 86.1739891 0.43 85.484138  86.738304  86.17
2 1 161.0396927 0.35 160.498306  161.652557  161.04
8 2 55.6828388 0.21 55.383984  55.946949  55.68
8 3 55.5884437 0.17 55.370598  55.954655  55.59
8 4 55.5525826 0.18 55.182999  55.759636  55.55
6 1 78.8164276 0.39 78.013290  79.319611  78.82
6 2 78.0983016 0.15 77.798042  78.314903  78.1
6 3 56.7675112 0.14 56.578590  57.064232  56.77
6 4 56.7002633 0.07 56.561710  56.763451  56.7
4 1 85.3252708 0.18 84.987778  85.642929  85.33
4 2 85.191926 0.1 85.055428  85.434708  85.19
8 1 56.7232399 0.64 55.937920  57.655689  56.72
8 2 55.7423223 0.14 55.526791  55.982895  55.74
8 3 55.5460572 0.18 55.292381  55.948414  55.55
8 4 55.4990229 0.21 55.107941  55.844749  55.5
6 1 78.5409226 0.37 78.164810  79.236115  78.54
6 2 78.0303292 0.14 77.877159  78.281654  78.03
6 3 56.6848039 0.09 56.586357  56.903027  56.68
6 4 56.671394 0.08 56.563637  56.806305  56.67
4 1 85.4309228 0.33 85.019020  86.134415  85.43
4 2 85.2009262 0.07 85.130730  85.384987  85.2
4 3 85.167404 0.13 84.963730  85.424110  85.17
2 1 161.2248763 0.11 161.094406  161.421692  161.22
