8 1 521.0201295 49.64 390.640167  571.367249  521.02
8 1 570.3950682 5.86 562.926880  581.457397  570.4
8 2 568.0970765 4.68 557.957886  574.265015  568.1
8 1 603.7400422 74.74 484.499298  779.130310  603.74
8 3 568.5833068 18.4 542.293335  596.944214  568.58
8 2 564.2433045 14.28 541.482727  588.651184  564.24
8 4 566.5588683 21.14 519.240173  589.792664  566.56
8 3 575.0610412 13.63 555.985413  600.158752  575.06
6 1 892.5869568 43.83 838.583984  965.332703  892.59
8 4 621.9161683 58.54 535.920227  710.844482  621.92
6 2 830.0804565 69.84 715.083313  972.723999  830.08
6 1 929.9415162 121.62 694.387512  1061.485107  929.94
6 3 592.053946 80.1 498.714661  742.354858  592.05
6 2 651.6783754 97.64 504.022736  797.929077  651.68
6 4 596.3620942 92.52 493.122650  759.406738  596.36
6 3 627.4215882 55.74 517.192383  744.380798  627.42
