8 1 0.06712778
8 2 0.06645512
8 3 0.06668892
8 4 0.06968058
6 1 0.06824554
6 2 0.06993466
6 3 0.0506592
6 4 0.05732668
4 1 0.05225262
4 2 0.05784314
4 3 0.06731828
2 1 0.06529666
8 1 0.0654866 0 0.060454  0.072485  0.07
8 2 0.0652649 0 0.061242  0.073347  0.07
8 3 0.06689 0.01 0.051832  0.076767  0.07
8 4 0.0696923 0.01 0.054171  0.079498  0.07
6 1 0.0682477 0 0.063420  0.071542  0.07
6 2 0.0689809 0 0.065521  0.078651  0.07
6 3 0.0500091 0 0.048887  0.053055  0.05
6 4 0.059828 0.01 0.053913  0.082174  0.06
4 1 0.054094 0 0.050019  0.057193  0.05
4 2 0.0573421 0 0.054519  0.060474  0.06
4 3 0.0672036 0 0.066501  0.069194  0.07
2 1 0.0667472 0 0.064031  0.069548  0.07
8 1 0.0646028 0 0.061068  0.071216  0.06
8 2 0.0696574 0.02 0.061265  0.114322  0.07
8 3 0.0683024 0 0.062916  0.075335  0.07
8 4 0.0701011 0 0.066459  0.075404  0.07
6 1 0.0667472 0 0.061444  0.072024  0.07
6 2 0.0696849 0 0.062771  0.074300  0.07
6 3 0.0502059 0 0.048782  0.052231  0.05
6 4 0.0599375 0.01 0.054128  0.082170  0.06
4 1 0.0547496 0 0.050017  0.057146  0.05
4 2 0.058154 0 0.054733  0.060496  0.06
4 3 0.0679527 0 0.066569  0.069588  0.07
2 1 0.0644557 0 0.063619  0.068139  0.06
