total fast avg stddev min max mean
8 1 9.3550166 0.48 8.623466  10.424123  9.36
8 2 8.9488686 0.2 8.537516  9.390875  8.95
8 3 9.1476069 0.18 8.860428  9.443304  9.15
8 4 9.3436102 0.28 8.684250  9.627421  9.34
6 1 11.172642 0.17 10.874005  11.454781  11.17
6 2 11.664514 0.13 11.357067  11.785587  11.66
6 3 8.4075744 0.11 8.229640  8.582904  8.41
6 4 8.6567598 0.1 8.455105  8.775370  8.66
4 1 11.6427976 0.15 11.453142  11.912338  11.64
4 2 11.7629893 0.06 11.680886  11.899865  11.76
4 3 12.1956777 0 12.189267  12.200930  12.2
2 1 20.9858701 0.05 20.925287  21.079418  20.99
8 2 8.0501111 2.69  9.292601  8.05
8 3 9.0990569 0.16 8.914218  9.327012  9.1
8 4 9.6185774 0.17 9.402699  9.901533  9.62
6 1 11.2910048 0.06 11.191592  11.435373  11.29
6 2 11.6806358 0.12 11.509014  11.883112  11.68
6 3 8.3785332 0.09 8.230245  8.562779  8.38
6 4 8.5939298 0.08 8.494731  8.694437  8.59
4 1 11.7271457 0.21 11.433848  12.069598  11.73
4 2 10.6008183 3.53  11.879358  10.6
8 1 9.2229281 0.35 8.703135  9.899991  9.22
