total fast avg stddev min max mean
8 1 55.2117583 0.63 53.393787  55.741966  55.21
8 2 54.7688003 0.67 53.667656  55.838398  54.77
8 3 55.4417519 0.47 54.205593  55.965702  55.44
8 4 55.8505818 0.39 55.199905  56.491474  55.85
6 1 77.9538146 0.45 77.035278  78.311111  77.95
6 2 78.5271355 0.13 78.268143  78.743080  78.53
6 3 56.5718032 0.08 56.446594  56.721195  56.57
6 4 56.8861924 0.14 56.562897  57.059719  56.89
4 1 85.0414717 0.11 84.893318  85.197426  85.04
4 2 85.421595 0.51 85.047661  86.527863  85.42
4 3 85.8078767 0.18 85.678986  86.323593  85.81
2 1 160.9982209 0.36 160.491425  161.490601  161
8 1 55.5003727 0.16 55.179031  55.777973  55.5
8 2 55.6494405 0.2 55.246090  55.913826  55.65
8 3 55.9955967 0.15 55.753647  56.222412  56
8 4 56.3277626 0.15 56.162868  56.678925  56.33
6 1 78.3476225 0.09 78.190048  78.506088  78.35
6 2 78.8125945 0.15 78.464653  79.074455  78.81
6 3 56.6106847 0.07 56.484318  56.693359  56.61
6 4 56.8686886 0.09 56.681198  57.006508  56.87
4 1 85.060694 0.13 84.885162  85.284950  85.06
4 2 76.6813531 25.56  85.235222  76.68
