8 1 0.0663772
8 2 0.06604432
8 3 0.0670034
8 4 0.06997292
6 1 0.0691294
6 2 0.07052378
6 3 0.05075556
6 4 0.05798176
4 1 0.05210778
4 2 0.057695
4 3 0.06762994
2 1 0.0649744
8 1 0.0651308 0.01 0.051131  0.071928  0.07
8 2 0.0669358 0.01 0.054533  0.072205  0.07
8 3 0.0674717 0 0.064645  0.071658  0.07
8 4 0.0687946 0 0.064607  0.079404  0.07
6 1 0.0698144 0.01 0.057143  0.075928  0.07
6 2 0.0688247 0 0.066036  0.074302  0.07
6 3 0.0503866 0 0.048639  0.052323  0.05
6 4 0.0569273 0 0.054083  0.059990  0.06
4 1 0.0521355 0 0.050015  0.054601  0.05
4 2 0.0597901 0.01 0.054752  0.078917  0.06
4 3 0.0671006 0 0.066488  0.069152  0.07
2 1 0.0647237 0 0.063744  0.066511  0.06
8 1 0.0654421 0 0.061290  0.072034  0.07
8 2 0.0654758 0 0.062053  0.070342  0.07
8 3 0.0680816 0 0.061256  0.076444  0.07
8 4 0.0697983 0.01 0.051791  0.079254  0.07
6 1 0.0669594 0.01 0.053313  0.073157  0.07
6 2 0.0695728 0 0.066242  0.078693  0.07
6 3 0.0504683 0 0.048859  0.053137  0.05
6 4 0.0575332 0 0.054321  0.060547  0.06
4 1 0.0528875 0 0.050070  0.054672  0.05
4 2 0.0580958 0 0.054765  0.060552  0.06
4 3 0.0672312 0 0.066532  0.069244  0.07
2 1 0.0657051 0 0.063905  0.075948  0.07
